11 11 0
11 10 154
11 1 231
11 3 231
11 2 231
11 5 154
11 4 154
11 7 231
11 6 154
11 9 231
11 8 231
10 11 154
10 10 0
10 1 231
10 3 231
10 2 231
10 5 154
10 4 154
10 7 231
10 6 154
10 9 231
10 8 231
1 11 240
1 10 240
1 1 0
1 3 360
1 2 360
1 5 240
1 4 240
1 7 360
1 6 240
1 9 360
1 8 360
3 11 240
3 10 240
3 1 360
3 3 0
3 2 360
3 5 240
3 4 240
3 7 360
3 6 240
3 9 360
3 8 360
2 11 240
2 10 240
2 1 360
2 3 360
2 2 0
2 5 240
2 4 240
2 7 360
2 6 240
2 9 360
2 8 360
5 11 154
5 10 154
5 1 231
5 3 231
5 2 231
5 5 0
5 4 154
5 7 231
5 6 154
5 9 231
5 8 231
4 11 154
4 10 154
4 1 231
4 3 231
4 2 231
4 5 154
4 4 0
4 7 231
4 6 154
4 9 231
4 8 231
7 11 240
7 10 240
7 1 360
7 3 360
7 2 360
7 5 240
7 4 240
7 7 0
7 6 240
7 9 360
7 8 360
6 11 154
6 10 154
6 1 231
6 3 231
6 2 231
6 5 154
6 4 154
6 7 231
6 6 0
6 9 231
6 8 231
9 11 240
9 10 240
9 1 360
9 3 360
9 2 360
9 5 240
9 4 240
9 7 360
9 6 240
9 9 0
9 8 360
8 11 240
8 10 240
8 1 360
8 3 360
8 2 360
8 5 240
8 4 240
8 7 360
8 6 240
8 9 360
8 8 0
